   1.0000   -0.1576    0.2933
   2.0000   -0.1593    0.5203
   3.0000    0.2415    0.7308
   4.0000    0.4340    1.3841
   5.0000    0.8497    2.0986
   6.0000    0.8586    2.6043
   7.0000    1.0914    3.3490
   8.0000    1.3006    3.6493
   9.0000    1.7422    3.9921
  10.0000    1.5577    4.5793
  11.0000    2.4474    6.4424
  12.0000    2.6777    7.6188
  13.0000    2.9413   10.4306
  14.0000    3.6300   11.1492
  15.0000    4.6034   14.1332
  16.0000    5.7787   16.9271
  17.0000    7.4683   20.1227
  18.0000    8.9401   23.6996
  19.0000   11.8514   30.3758
  20.0000   16.9731   37.2364
  21.0000   25.5449   48.6440
  22.0000   44.7040   68.6015
  23.0000   82.0848  105.0635
  24.0000  152.0172  173.1117
  25.0000  266.1934  286.1415
  25.8200  259.2310  279.2483
  26.8200  253.7275  273.3443
  27.8200  250.7436  271.6701
  28.8200  249.2517  269.0706
  29.8200  247.2624  267.0879
  30.8200  245.2732  265.1052
  31.8200  244.5107  264.4443
  32.8200  244.2786  263.4750
  33.8200  243.0187  262.4617
  34.8200  242.5214  262.4617
  35.8200  242.0241  261.4924
  36.8200  241.0295  261.4924
  37.8200  241.0295  262.1532
  38.8200  239.7696  261.4924
  39.8200  239.2723  259.8622
  40.8200  239.2723  259.2013
  41.8200  238.7750  258.5404
  42.8200  238.0456  258.8488
  43.8200  237.2831  258.8488
  44.8200  237.2831  257.8795
  45.8200  237.2831  257.2186
  46.8200  237.0510  257.2186
  47.8200  236.2885  257.2186
  48.8200  236.2885  256.5577
  49.8200  235.2939  256.9102
  50.8200  235.2939  256.5577
  51.8200  236.0564  255.8968
  52.8200  235.0286  255.2359
  62.8200  233.3046  252.6364
  72.8200  232.3100  251.9755
  82.8200  231.3154  249.9929
  92.8200  229.3261  249.3320
 102.8200  228.0663  249.3320
 112.8200  227.8011  247.7018
 122.8200  227.3037  248.0102
 132.8200  225.8118  246.6884
 142.8200  226.3091  246.3800
 152.8200  225.8118  245.3666
 162.8200  225.5797  245.7191
 172.8200  225.0824  244.0889
 182.8200  224.5851  243.7364
 192.8200  224.0878  243.4280
