    1.000000    -0.157600     0.293300
    2.000000    -0.159300     0.520300
    3.000000     0.241500     0.730800
    4.000000     0.434000     1.384100
    5.000000     0.849700     2.098600
    6.000000     0.858600     2.604300
    7.000000     1.091400     3.349000
    8.000000     1.300600     3.649300
    9.000000     1.742200     3.992100
   10.000000     1.557700     4.579300
   11.000000     2.447400     6.442400
   12.000000     2.677700     7.618800
   13.000000     2.941300    10.430600
   14.000000     3.630000    11.149200
   15.000000     4.603400    14.133200
   16.000000     5.778700    16.927100
   17.000000     7.468300    20.122700
   18.000000     8.940100    23.699600
   19.000000    11.851400    30.375800
   20.000000    16.973100    37.236400
   21.000000    25.544900    48.644000
   22.000000    44.704000    68.601500
   23.000000    82.084800   105.063500
   24.000000   152.017200   173.111700
   25.000000   266.193400   286.141500
   25.820000   259.231000   279.248300
   26.820000   253.727500   273.344300
   27.820000   250.743600   271.670100
   28.820000   249.251700   269.070600
   29.820000   247.262400   267.087900
   30.820000   245.273200   265.105200
   31.820000   244.510700   264.444300
   32.820000   244.278600   263.475000
   33.820000   243.018700   262.461700
   34.820000   242.521400   262.461700
   35.820000   242.024100   261.492400
   36.820000   241.029500   261.492400
   37.820000   241.029500   262.153200
   38.820000   239.769600   261.492400
   39.820000   239.272300   259.862200
   40.820000   239.272300   259.201300
   41.820000   238.775000   258.540400
   42.820000   238.045600   258.848800
   43.820000   237.283100   258.848800
   44.820000   237.283100   257.879500
   45.820000   237.283100   257.218600
   46.820000   237.051000   257.218600
   47.820000   236.288500   257.218600
   48.820000   236.288500   256.557700
   49.820000   235.293900   256.910200
   50.820000   235.293900   256.557700
   51.820000   236.056400   255.896800
   52.820000   235.028600   255.235900
   53.820000   235.293900   254.927500
   54.820000   234.796500   254.575000
   55.820000   234.531300   254.927500
   56.820000   234.034000   254.575000
   57.820000   234.299200   254.575000
   58.820000   234.531300   254.575000
   59.820000   234.034000   253.914100
   60.820000   234.034000   254.266600
   61.820000   233.304600   253.253300
   62.820000   233.304600   252.636400
   63.820000   233.304600   252.283900
   64.820000   232.807300   252.944800
   65.820000   232.542100   252.636400
   66.820000   232.542100   252.283900
   67.820000   232.807300   251.975500
   68.820000   233.039400   251.975500
   69.820000   233.039400   251.975500
   70.820000   232.542100   251.975500
   71.820000   232.310000   252.283900
   72.820000   232.310000   251.975500
   73.820000   232.044800   251.975500
   74.820000   231.547500   251.975500
   75.820000   231.812700   251.975500
   76.820000   231.315400   250.962200
   77.820000   231.315400   250.301300
   78.820000   231.315400   250.301300
   79.820000   231.315400   250.653800
   80.820000   231.050100   250.962200
   81.820000   231.315400   250.301300
   82.820000   231.315400   249.992900
   83.820000   231.315400   249.640400
   84.820000   230.818100   249.332000
   85.820000   231.050100   249.640400
   86.820000   229.326100   250.653800
   87.820000   229.823500   250.301300
   88.820000   230.055500   249.640400
   89.820000   229.823500   249.640400
   90.820000   229.823500   249.332000
   91.820000   229.326100   249.332000
   92.820000   229.326100   249.332000
   93.820000   229.326100   250.301300
   94.820000   229.326100   249.640400
   95.820000   229.558200   249.640400
   96.820000   229.326100   249.332000
   97.820000   229.326100   248.979500
   98.820000   229.326100   249.332000
   99.820000   229.326100   248.671100
  100.820000   229.326100   249.332000
  101.820000   229.326100   248.979500
  102.820000   228.066300   249.332000
  103.820000   228.828800   248.671100
  104.820000   228.563600   248.671100
  105.820000   228.298400   248.010200
  106.820000   228.298400   248.362700
  107.820000   227.801100   248.671100
  108.820000   227.569000   248.979500
  109.820000   227.303700   248.979500
  110.820000   227.569000   248.979500
  111.820000   227.801100   248.671100
  112.820000   227.801100   247.701800
  113.820000   227.569000   248.010200
  114.820000   227.303700   248.010200
  115.820000   227.303700   248.671100
  116.820000   227.303700   248.979500
  117.820000   227.801100   248.671100
  118.820000   227.303700   248.010200
  119.820000   227.303700   247.701800
  120.820000   227.303700   247.349300
  121.820000   227.071700   247.349300
  122.820000   227.303700   248.010200
  123.820000   227.303700   247.701800
  124.820000   227.303700   248.010200
  125.820000   227.303700   247.349300
  126.820000   227.303700   247.349300
  127.820000   227.071700   247.040900
  128.820000   226.806400   246.688400
  129.820000   227.303700   246.688400
  130.820000   227.071700   246.688400
  131.820000   226.806400   246.688400
  132.820000   225.811800   246.688400
  133.820000   226.309100   246.688400
  134.820000   226.574400   246.688400
  135.820000   226.806400   246.380000
  136.820000   226.574400   246.688400
  137.820000   226.309100   247.040900
  138.820000   226.077100   246.380000
  139.820000   225.811800   246.380000
  140.820000   225.811800   246.380000
  141.820000   225.579700   246.688400
  142.820000   226.309100   246.380000
  143.820000   226.309100   245.719100
  144.820000   226.077100   245.366600
  145.820000   225.811800   245.719100
  146.820000   225.811800   245.719100
  147.820000   225.811800   246.027500
  148.820000   225.811800   246.380000
  149.820000   226.077100   246.380000
  150.820000   225.811800   246.027500
  151.820000   225.811800   245.719100
  152.820000   225.811800   245.366600
  153.820000   225.811800   245.719100
  154.820000   226.309100   246.027500
  155.820000   226.574400   245.719100
  156.820000   226.574400   246.380000
  157.820000   226.309100   245.719100
  158.820000   225.314500   244.397300
  159.820000   225.082400   244.397300
  160.820000   225.579700   245.058200
  161.820000   225.579700   245.366600
  162.820000   225.579700   245.719100
  163.820000   226.077100   245.058200
  164.820000   225.314500   244.705700
  165.820000   225.579700   245.058200
  166.820000   224.817200   244.088900
  167.820000   224.817200   244.088900
  168.820000   224.585100   244.705700
  169.820000   224.319900   244.397300
  170.820000   224.585100   244.397300
  171.820000   224.817200   244.088900
  172.820000   225.082400   244.088900
  173.820000   225.082400   244.088900
  174.820000   224.817200   244.088900
  175.820000   224.817200   244.088900
  176.820000   223.822600   243.736400
  177.820000   224.319900   244.088900
  178.820000   224.319900   244.088900
  179.820000   224.817200   244.088900
  180.820000   225.082400   244.088900
  181.820000   225.082400   243.736400
  182.820000   224.585100   243.736400
  183.820000   225.082400   243.736400
  184.820000   224.319900   244.088900
  185.820000   224.319900   243.736400
  186.820000   224.585100   244.088900
  187.820000   224.817200   244.088900
  188.820000   224.817200   244.088900
  189.820000   225.082400   244.088900
  190.820000   224.585100   243.736400
  191.820000   224.585100   243.736400
  192.820000   224.087800   243.428000
  193.820000   224.087800   244.088900
  194.820000   224.319900   243.736400
  195.820000   224.087800   244.088900
  196.820000   224.087800   244.088900
  197.820000   224.087800   243.736400
  198.820000   224.087800   243.736400
  199.820000   223.822600   242.767100
  200.820000   223.590500   243.736400