    1.000000    -0.157600     0.293300
    2.000000    -0.159300     0.520300
    3.000000     0.241500     0.730800
    4.000000     0.434000     1.384100
    5.000000     0.849700     2.098600
    6.000000     0.858600     2.604300
    7.000000     1.091400     3.349000
    8.000000     1.300600     3.649300
    9.000000     1.742200     3.992100
   10.000000     1.557700     4.579300
   11.000000     2.447400     6.442400
   12.000000     2.677700     7.618800
   13.000000     2.941300    10.430600
   14.000000     3.630000    11.149200
   15.000000     4.603400    14.133200
   16.000000     5.778700    16.927100
   17.000000     7.468300    20.122700
   18.000000     8.940100    23.699600
   19.000000    11.851400    30.375800
   20.000000    16.973100    37.236400
   21.000000    25.544900    48.644000
   22.000000    44.704000    68.601500
   23.000000    82.084800   105.063500
   24.000000   152.017200   173.111700
   25.000000   266.193400   286.141500