      0.0000       0.0000       0.5985
      1.0000       0.3907       1.1707
      2.0000      -0.1823       0.9887
      3.0000       0.3906       1.7436
      4.0000       0.5988       1.5616
      5.0000       0.9892       2.1345
      6.0000       0.9892       2.1345
      7.0000       0.9891       1.1715
      8.0000       1.5617       2.5253
      9.0000       1.7700       2.9159
     10.0000       2.1606       3.4882
     11.0000       2.7340       3.8778
     12.0000       2.9423       4.2682
     13.0000       4.1139       5.2572
     14.0000       5.2856       6.6106
     15.0000       9.7888       7.9649
     16.0000      20.5430       9.5256
     17.0000      46.5846      13.4022
     18.0000      99.8236      18.4529
     19.0000     182.0969      27.4273
     20.0000     178.7888      30.1602
     20.9600      88.2107      20.6559
     21.9600      40.3125      11.1439
     22.9600      17.9300      10.5812
     23.9600       9.3390      10.2012
     24.9600       4.1973      10.2108
     25.9600       4.5770       8.2001
     26.9600       4.3702       5.0164
     27.9600       3.6149       5.2005
     28.9600       2.6624       3.2069
     29.9600       2.4898       3.9742
     30.9600       2.5012       4.5668
     31.9600       2.6863       5.1385
     32.9600       3.2827       4.9411
     33.9600       2.5221       2.3698
     34.9600       2.7131       4.3010
     35.9600       2.3309       4.2910
     36.9600       2.7220       1.3593
     37.9600       2.7327       3.8796
     38.9600       2.1665       4.4652
     39.9600       3.1361       0.7779
     40.9100       2.5607       5.0311
     41.9100       4.3368       5.0320
     42.9100       5.3031       6.1996
     43.9100      10.4216       8.3280
     44.9100      22.7750       9.8851
     45.9100      53.0230      13.7502
     46.9100     112.8716      19.9538
     47.9100     181.0050      27.6240
     48.9100     180.3869      30.1504
     49.9100     179.3710      33.3319
     50.9100     177.1906      35.9982
     51.9100     175.2240      39.3635
     52.9100     172.7876      42.5787
     53.9100     170.6915      45.8793
     54.9100     168.0522      50.1027
     55.9100     166.4194      54.8701
     56.9100     164.0345      60.6522
     57.9100     162.0961      65.8761
     58.9100     159.3169      71.6819
     59.9100     157.9173      78.3297
     60.8500      83.6234      53.7107
     61.8500      38.6496      36.8920
     62.8500      19.5280      26.6553
     63.8500      11.2351      21.6361
     64.8500       8.4272      16.5814
     65.8500       6.2738      18.2257
     66.8500       4.6235      17.5347
     67.8500       4.4497       9.7071
     68.8500       2.8048      11.7822
     69.8500       2.8109      17.2801
     70.8500       2.8195      14.2435
     71.8500       1.9913      13.4762
     72.8500       2.3335       3.6590
     73.8500       2.1901       8.3688
     74.8500       2.0221       7.8720
     75.8500       2.8918       3.5994
     76.8500       2.7241       7.1342
     77.8500       1.8939       6.4443
     78.8500       1.5595       4.6391
     79.8500       1.9123       2.8529
     80.7900       2.2619       6.7820
     81.7900       2.6128       7.8836
     82.7900       3.8444       9.3926
     83.7900       4.8958      10.8935
     84.7900       6.4609      13.2667
     85.7900       9.4516      15.6312
     86.7900      18.9344      19.7321
     87.7900      43.0125      25.7696
     88.7900      93.3235      37.1900
     89.7900     163.4704      53.7282
     90.7900     163.1615      58.8175
     91.7900     160.5220      64.4769
     92.7900     159.4359      71.6396
     93.7900     157.8979      78.5046
     94.7900     155.1141      86.7381
     95.7900     152.5923      96.3351
     96.7900     151.1753     108.3166
     97.7900     149.9828     120.8606
     98.7900     147.0062     135.9418
     99.7900     145.7285     155.9475
    100.7500      94.8148     123.1004
    101.7500      45.6812      76.9080
    102.7500      23.6105      54.0004
    103.7500      14.3356      41.0408
    104.7500      10.5404      33.0726
    105.7500       7.5176      29.5886
    106.7500       7.2083      24.2990
    107.7500       4.5071      24.0913
    108.7500       3.7470      21.5558
    109.7500       4.5045      19.7871
    110.7500       2.5553      17.7187
    111.7500       2.4008      15.9193
    112.7500       2.4115      13.5896
    113.7500       2.4239      10.7688
    114.7500       2.7642      13.4364
    115.7500       3.8424       9.6482
    116.7500       2.6330       4.6779
    117.7500       1.5493      10.3004
    118.7500       2.1803       5.8416
    119.7500       1.4171       8.4866
    120.6900       1.8838       9.9068
    121.6900       2.0578      10.8435
    122.6900       2.8642      12.0017
    123.6900       3.8228      14.8553
    124.6900       4.4682      16.7041
    125.6900       6.2212      20.0107
    126.6900       8.1749      23.2682
    127.6900      12.6777      27.9719
    128.6900      22.6816      34.7407
    129.6900      48.3627      48.0895
    130.6900     101.8003      72.2250
    131.6900     151.8906      98.4878
    132.6900     150.7509     111.5007
    133.6900     146.8140     125.1557
    134.6900     147.1757     143.8196
    135.6900     143.3859     164.8617
    136.6900     141.6102     187.8551
    137.6900     141.3522     214.4792
    138.6900     137.7024     239.6910
    139.6900     138.2302     242.1485
    140.6300      96.9009     186.4677
    141.6300      49.8229     123.1578
    142.6300      26.9993      77.5087
    143.6300      16.2185      57.4848
    144.6300      11.2726      45.0261
    145.6300       7.6472      33.2352
    146.6300       6.3296      33.5937
    147.6300       5.8835      28.3439
    148.6300       3.7391      26.2501
    149.6300       2.7268      26.2623
    150.6300       2.8791      20.9684
    151.6300       2.0027      20.1443
    152.6300       2.7358      19.0209
    153.6300       3.3287      18.3839
    154.6300       1.4511      17.5123
    155.6300       1.7570      13.4683
    156.6300       2.0643      11.3058
    157.6300       1.3439      12.2747
    158.6300       2.2435       0.7850
    159.6300       1.7942       7.3764
    160.5900       1.6633      11.3616
    161.5900       2.1117      12.0624
    162.5900       2.2810      14.0321
    163.5900       3.3630      16.4905
    164.5900       4.1255      18.9059
    165.5900       5.3628      20.3382
    166.5900       7.2198      24.7166
    167.5900       9.7240      29.5965
    168.5900      15.4732      36.3584
    169.5900      29.7772      48.5024
    170.5900      61.1363      71.8369
    171.5900     122.2676     107.9434
    172.5900     146.5101     136.4845
    173.5900     144.8699     157.2596
    174.5900     142.0135     180.1338
    175.5900     141.0044     209.9595
    176.5900     138.4638     235.7561
    177.5900     137.0822     241.5780
    178.5900     137.4712     242.4473
    179.5900     137.1570     241.4407
    180.5300     105.6048     201.1903
    181.5300      54.5662     125.4304
    182.5300      29.0759      83.2842
    183.5300      17.4580      60.0828
    184.5300      12.5099      44.1409
    185.5300       8.3212      39.1985
    186.5300       7.0300      32.6522
    187.5300       5.8595      29.2438
    188.5300       2.1476      32.4462
    189.5300       4.1405      23.4409
    190.5300       2.7131      22.3946
    191.5300       2.1453      20.5242
    192.5300       2.2872      18.0607
    193.5300       2.2976      16.3866
    194.5300       2.4672      13.9222
    195.5300       3.0676       8.8653
    196.5300       1.9154      12.4119
    197.5300       1.4771      11.2853
    198.5300       1.3474      12.0037
    199.5300       1.9556       5.3315
    200.4700       1.2032      10.8468
    201.4700       0.9057      13.3323
    202.4700       2.5859      14.0208
    203.4700       3.3646      16.4825
    204.4700       4.2903      18.6630
    205.4700       5.2221      21.0612
    206.4700       7.0785      24.9751
    207.4700       9.7289      29.0865
    208.4700      13.9353      36.1142
    209.4700      27.7828      46.0602
    210.4700      57.4247      67.4005
    211.4700     115.8974     103.5489
    212.4700     146.4941     132.7911
    213.4700     144.3412     153.9944
    214.4700     142.0857     177.0673
    215.4700     140.4158     206.9067
    216.4700     138.4361     232.2017
    217.4700     137.3929     241.5440
    218.4700     137.1839     241.1489
    219.4700     137.3905     242.0658
    220.4200     116.0730     216.3254
    221.4200      59.6513     134.0916
    222.4200      31.6663      88.0588
    223.4200      18.7347      63.2912
    224.4200      11.9330      48.6526
    225.4200       8.8920      40.0232
    226.4200       7.3123      34.2692
    227.4200       5.5712      28.9740
    228.4200       4.5754      25.3069
    229.4200       3.2812      25.0809
    230.4200       2.9948      22.4157
    231.4200       2.5782      18.6590
    232.4200       2.4311      17.3044
    233.4200       2.0041      12.9945
    234.4200       2.1738      15.2527
    235.4200       1.8978      14.3822
    236.4200       1.7547      13.2425
    237.4200       1.7679      10.8324
    238.4200       1.4817      11.2508
    239.4200       1.6469       6.6252
    240.3600       1.1948      10.4134
    241.3000       0.5992      13.9447
    242.3000       2.2656      13.1137
    243.3000       2.7369      14.3110
    244.3000       3.4929      16.0431
    245.3000       4.4162      19.4686
    246.3000       5.9548      21.9061
    247.3000       7.9708      26.0611
    248.3000      10.6113      31.4200
    249.3000      17.7369      38.7317
    250.3000      34.7761      53.3470
    251.3000      72.0807      78.1997
    252.3000     140.9238     121.5660
    253.3000     145.4329     143.6712
    254.3000     143.2216     163.9189
    255.3000     141.9393     190.7210
    256.3000     138.4128     220.9500
    257.3000     137.9345     241.3640
    258.3000     137.1953     244.7535
    259.3000     136.6349     242.6138
    260.3000     136.4766     242.4093
    261.2700      87.6434     179.4081
    262.2700      45.4012     112.2251
    263.2700      24.7913      75.9513
    264.2700      15.2291      56.3519
    265.2700      11.7611      41.9133
    266.2700       8.0098      36.9352
    267.2700       6.5707      33.5420
    268.2700       4.4172      28.8097
    269.2700       3.8438      22.1529
    270.2700       3.7119      22.4350
    271.2700       2.2715      21.6584
    272.2700       1.8566      26.1471
    273.2700       1.8629      14.9009
    274.2700       2.2941      15.8800
    275.2700       2.1756      14.9585
    276.2700       2.0352      13.0402
    277.2700       1.7546      12.2002
    278.2700       1.4715      12.1227
    279.2700       1.1844      11.7751
    280.2700       2.3804       2.5621
    281.2200       1.1941      12.1899
    282.2200       2.0975      12.6532
    283.2200       2.8667      14.8733
    284.2200       3.3394      16.3375
    285.2200       4.2589      19.0358
    286.2200       5.6291      22.4893
    287.2200       7.3339      24.3831
    288.2200      10.7182      31.2601
    289.2200      16.8993      39.3298
    290.2200      33.2876      53.0282
    291.2200      68.6176      77.9617
    292.2200     134.6176     120.2127
    293.2200     145.1864     144.6801
    294.2200     142.4867     168.5125
    295.2200     141.5802     192.8023
    296.2200     138.2069     221.5216
    297.2200     137.5820     240.1789
    298.2200     137.5215     244.1615
    299.2200     137.0956     242.0615
    300.2200     136.8184     243.3289
    301.2200      91.2530     182.3258
    302.2200      47.1377     115.4300
    303.2200      25.9287      77.8282
    304.2200      15.3658      57.4046
    305.2200      10.7482      44.8394
    306.2200       8.2918      38.3040
    307.2200       6.8537      30.3747
    308.2200       4.8534      29.8814
    309.2200       3.8443      25.1199
    310.2200       2.8583      27.2428
    311.2200       2.2711      21.1251
    312.2200       1.9895      20.0283
    313.2200       3.1552      14.6530
    314.2200       1.7202      15.5993
    315.2200       1.8866      15.2415
    316.2200       2.0362      13.8380
    317.2200       1.6217      12.1736
    318.2200       1.6331       7.9558
    319.2200       1.7815      10.9892
    320.2200       2.5459       4.8378
